4002
4002
4002
4002
4002
4002
4003
4003
4003
4003
4003
4003
4694
4694
4694
4694
4694
4694
0279
0279
0279
0279
0279
0188
0281
0281
0280
0280
0280
0280
0280
0281
0281
0281
4594
4594
4594
4594
4594
4594
4590
4590
4590
4590
4590
4590
4591
4591
4591
4591
4591
4591
4592
4592
4592
4592
4592
4592
4593
4593
4593
4593
4593
4593
4595
4595
4595
4595
4595
4595
1280
1280
1280
1280
1280
1280
2936
2936
2936
2936
2936
2936
2935
6473
6473
6473
6473
6473
6473
5898
5898
5898
5898
5898
5898
5897
5897
5897
5897
5897
5897
5896
5896
5896
5896
5896
5896
2935
2935
2935
2935
2935
5633
5633
5633
5633
5633
5633
2925
2925
2925
2925
2925
2925
0188
0188
0188
0188
0188
0184
0184
0184
0184
0184
2098
2098
2098
2098
2098
2098
2099
2099
2099
2099
2099
2099